Extended NOAA/GMD preliminary data 04-05-2022 08:38:02 [GMT], SkySonde Client version 1.3.0.6
Software written by Allen Jordan and Jim Wendell, NOAA
               Header lines = 19
               Data columns = 15
              Flight number = zh-999
                 Date [GMT] = 04-05-2022
                 Time [GMT] = 08:38:02
            Instrument type = Vaisala Sonde
             Vaisala number = 
                 A/D System = V7


    THE DATA CONTAINED IN THIS FILE ARE PRELIMINARY
     AND SUBJECT TO REPROCESSING AND VERIFICATION
     FOR SOUNDING DETAILS REFER TO FILE zh-999.de1


      Time,     Press,       Alt,      Temp,      Traw,     Theta,        RH,     TFp V,    TVaisI,  Fl,   GPS lat,   GPS lon,   GPS alt,      Wind,  Wind Dir
     [min],     [hpa],      [km],   [deg C],   [deg C],       [K],       [%],   [deg C],    [degC],  [],     [deg],     [deg],      [km],     [m/s],     [deg]
   0.02554,    958.77,    0.5100,     22.55,     22.65,   299.278,     38.60,      7.76,     24.57,   1,  47.37946,   8.54884,    0.5090,     99999,     99999
   0.04225,    958.76,    0.5101,     22.53,     22.63,   299.259,     38.60,      7.74,     24.59,   1,  47.37946,   8.54884,    0.5090,     99999,     99999
   0.05790,    958.76,    0.5101,     22.51,     22.61,   299.239,     38.70,      7.76,     24.60,   1,  47.37946,   8.54884,    0.5090,     99999,     99999
   0.07465,    958.76,    0.5101,     22.49,     22.59,   299.218,     38.70,      7.75,     24.61,   1,  47.37946,   8.54884,    0.5090,     99999,     99999
   0.09137,    958.74,    0.5103,     22.53,     22.63,   299.261,     39.30,      8.01,     24.63,   1,  47.37946,   8.54884,    0.5090,     99999,     99999
   0.10914,    958.75,    0.5102,     22.50,     22.60,   299.229,     39.30,      7.98,     24.64,   1,  47.37946,   8.54884,    0.5090,     99999,     99999
   0.12482,    958.74,    0.5103,     22.51,     22.61,   299.240,     39.40,      8.03,     24.65,   1,  47.37946,   8.54884,    0.5090,     99999,     99999
   0.14153,    958.74,    0.5103,     22.56,     22.66,   299.291,     39.10,      7.96,     24.67,   1,  47.37946,   8.54884,    0.5080,     99999,     99999
   0.15852,    958.74,    0.5103,     22.55,     22.65,   299.281,     39.00,      7.91,     24.68,   1,  47.37946,   8.54884,    0.5080,     99999,     99999
   0.17449,    958.74,    0.5103,     22.58,     22.68,   299.311,     38.90,      7.90,     24.69,   1,  47.37946,   8.54883,    0.5080,     99999,     99999
   0.19223,    958.74,    0.5103,     22.54,     22.64,   299.271,     38.80,      7.83,     24.71,   1,  47.37946,   8.54883,    0.5080,     99999,     99999
   0.20902,    958.75,    0.5102,     22.47,     22.57,   299.199,     38.70,      7.73,     24.72,   1,  47.37946,   8.54883,    0.5080,     99999,     99999
   0.22466,    958.68,    0.5108,     22.74,     22.84,   299.478,     50.00,     11.79,     24.73,   1,  47.37946,   8.54883,    0.5080,     99999,     99999
   0.24132,    958.70,    0.5106,     25.11,     25.21,   301.875,     70.20,     19.30,     24.75,   1,  47.37946,   8.54883,    0.5080,     99999,     99999
   0.25831,    958.74,    0.5103,     24.40,     24.50,   301.153,     46.40,     12.17,     24.76,   1,  47.37946,   8.54883,    0.5080,     99999,     99999
   0.27402,    958.73,    0.5104,     23.99,     24.09,   300.739,     46.90,     11.96,     24.78,   1,  47.37946,   8.54883,    0.5080,     99999,     99999
   0.29168,    958.74,    0.5103,     23.75,     23.85,   300.495,     43.50,     10.61,     24.79,   1,  47.37946,   8.54883,    0.5080,     99999,     99999
   0.30844,    958.73,    0.5104,     23.54,     23.64,   300.284,     40.60,      9.39,     24.80,   1,  47.37946,   8.54883,    0.5080,     99999,     99999
   0.32521,    958.73,    0.5104,     23.40,     23.50,   300.142,     39.80,      8.97,     24.81,   1,  47.37946,   8.54883,    0.5070,     99999,     99999
   0.34088,    958.75,    0.5102,     23.28,     23.38,   300.019,     38.90,      8.53,     24.83,   1,  47.37946,   8.54883,    0.5070,     99999,     99999
   0.35756,    958.73,    0.5104,     23.15,     23.25,   299.889,     38.50,      8.26,     24.84,   1,  47.37946,   8.54883,    0.5070,     99999,     99999
   0.37533,    958.73,    0.5104,     23.04,     23.14,   299.778,     38.40,      8.12,     24.85,   1,  47.37946,   8.54883,    0.5070,     99999,     99999
   0.39205,    958.76,    0.5101,     22.95,     23.05,   299.684,     38.40,      8.04,     24.86,   1,  47.37946,   8.54883,    0.5070,     99999,     99999
   0.40819,    958.74,    0.5103,     22.86,     22.96,   299.594,     38.40,      7.96,     24.88,   1,  47.37946,   8.54883,    0.5070,     99999,     99999
   0.42441,    958.73,    0.5104,     22.79,     22.89,   299.525,     38.30,      7.86,     24.89,   1,  47.37946,   8.54883,    0.5070,     99999,     99999
   0.44144,    958.73,    0.5104,     22.72,     22.82,   299.454,     38.40,      7.84,     24.90,   1,  47.37946,   8.54883,    0.5070,     99999,     99999
   0.45838,    958.73,    0.5104,     22.69,     22.79,   299.423,     38.60,      7.89,     24.92,   1,  47.37946,   8.54883,    0.5070,     99999,     99999
   0.47535,    958.74,    0.5103,     22.70,     22.80,   299.433,     38.50,      7.86,     24.93,   1,  47.37946,   8.54883,    0.5070,     99999,     99999
   0.49135,    958.74,    0.5103,     22.70,     22.80,   299.433,     38.20,      7.74,     24.94,   1,  47.37946,   8.54883,    0.5070,     99999,     99999
   0.50830,    958.74,    0.5103,     22.67,     22.77,   299.402,     38.40,      7.79,     24.95,   1,  47.37946,   8.54883,    0.5070,     99999,     99999
   0.52418,    958.74,    0.5103,     22.64,     22.74,   299.372,     38.40,      7.77,     24.97,   1,  47.37947,   8.54883,    0.5070,     99999,     99999
   0.54217,    958.73,    0.5104,     22.60,     22.70,   299.332,     38.40,      7.73,     24.98,   1,  47.37947,   8.54883,    0.5070,     99999,     99999
   0.55812,    958.75,    0.5102,     22.61,     22.71,   299.341,     38.50,      7.78,     24.99,   1,  47.37947,   8.54883,    0.5070,     99999,     99999
   0.57512,    958.74,    0.5103,     22.58,     22.68,   299.311,     38.50,      7.75,     25.00,   1,  47.37947,   8.54883,    0.5070,     99999,     99999
   0.59105,    958.73,    0.5104,     22.57,     22.67,   299.302,     38.40,      7.70,     25.02,   1,  47.37946,   8.54883,    0.5070,     99999,     99999
   0.60804,    958.73,    0.5104,     22.55,     22.65,   299.282,     38.40,      7.69,     25.03,   1,  47.37946,   8.54883,    0.5070,     99999,     99999
   0.62398,    958.73,    0.5104,     22.55,     22.65,   299.282,     38.40,      7.69,     25.04,   1,  47.37946,   8.54883,    0.5070,     99999,     99999
   0.64199,    958.73,    0.5104,     22.52,     22.62,   299.251,     38.40,      7.66,     25.05,   1,  47.37946,   8.54883,    0.5070,     99999,     99999
   0.65769,    958.73,    0.5104,     22.48,     22.58,   299.211,     38.50,      7.66,     25.06,   1,  47.37947,   8.54883,    0.5070,     99999,     99999
   0.67435,    958.74,    0.5103,     22.51,     22.61,   299.240,     38.60,      7.73,     25.07,   1,  47.37947,   8.54883,    0.5070,     99999,     99999
   0.69109,    958.73,    0.5104,     22.48,     22.58,   299.211,     38.60,      7.70,     25.09,   1,  47.37947,   8.54883,    0.5070,     99999,     99999
   0.70780,    958.74,    0.5103,     22.50,     22.60,   299.230,     38.60,      7.72,     25.10,   1,  47.37947,   8.54883,    0.5070,     99999,     99999
   0.72450,    958.74,    0.5103,     22.56,     22.66,   299.291,     38.60,      7.77,     25.11,   1,  47.37947,   8.54883,    0.5070,     99999,     99999
   0.74048,    958.73,    0.5104,     22.56,     22.66,   299.292,     38.60,      7.77,     25.12,   1,  47.37947,   8.54883,    0.5070,     99999,     99999
   0.75715,    958.73,    0.5104,     22.57,     22.67,   299.302,     38.50,      7.74,     25.13,   1,  47.37947,   8.54882,    0.5070,     99999,     99999
   0.77418,    958.73,    0.5104,     22.56,     22.66,   299.292,     38.50,      7.73,     25.14,   1,  47.37947,   8.54882,    0.5070,     99999,     99999
   0.79114,    958.73,    0.5104,     22.56,     22.66,   299.292,     38.40,      7.69,     25.15,   1,  47.37947,   8.54882,    0.5070,     99999,     99999
   0.80706,    958.71,    0.5105,     22.53,     22.63,   299.263,     38.30,      7.63,     25.17,   1,  47.37947,   8.54882,    0.5070,     99999,     99999
   0.82405,    958.73,    0.5104,     22.52,     22.62,   299.251,     38.30,      7.62,     25.18,   1,  47.37947,   8.54882,    0.5070,     99999,     99999
   0.84097,    958.73,    0.5104,     22.50,     22.60,   299.231,     38.40,      7.64,     25.19,   1,  47.37947,   8.54882,    0.5070,     99999,     99999
   0.85708,    958.73,    0.5104,     22.48,     22.58,   299.211,     38.50,      7.66,     25.20,   1,  47.37947,   8.54882,    0.5070,     99999,     99999
   0.87428,    958.72,    0.5104,     22.42,     22.52,   299.151,     38.60,      7.65,     25.21,   1,  47.37947,   8.54882,    0.5070,     99999,     99999
   0.89076,    958.72,    0.5104,     22.43,     22.53,   299.161,     38.50,      7.62,     25.22,   1,  47.37947,   8.54882,    0.5070,     99999,     99999
   0.90789,    958.74,    0.5103,     22.44,     22.54,   299.169,     38.50,      7.63,     25.23,   1,  47.37947,   8.54882,    0.5070,     99999,     99999
   0.92410,    958.73,    0.5104,     22.46,     22.56,   299.190,     38.40,      7.61,     25.24,   1,  47.37947,   8.54882,    0.5070,     99999,     99999
   0.94076,    958.74,    0.5103,     22.46,     22.56,   299.189,     38.50,      7.64,     25.26,   1,  47.37947,   8.54882,    0.5070,     99999,     99999
   0.95744,    958.75,    0.5102,     22.45,     22.55,   299.178,     38.50,      7.63,     25.26,   1,  47.37947,   8.54882,    0.5070,     99999,     99999
   0.97413,    958.74,    0.5103,     22.45,     22.55,   299.179,     38.50,      7.63,     25.28,   1,  47.37947,   8.54882,    0.5070,     99999,     99999
   0.99091,    958.73,    0.5104,     22.47,     22.57,   299.200,     38.50,      7.65,     25.29,   1,  47.37947,   8.54882,    0.5070,     99999,     99999
   1.00763,    958.75,    0.5102,     22.46,     22.56,   299.189,     38.50,      7.64,     25.30,   1,  47.37947,   8.54882,    0.5070,     99999,     99999
   1.02440,    958.72,    0.5104,     22.49,     22.59,   299.222,     38.60,      7.71,     25.31,   1,  47.37947,   8.54882,    0.5070,     99999,     99999
   1.04118,    958.73,    0.5104,     22.47,     22.57,   299.200,     38.60,      7.69,     25.32,   1,  47.37947,   8.54882,    0.5070,     99999,     99999
   1.05794,    958.72,    0.5104,     22.46,     22.56,   299.191,     38.60,      7.68,     25.33,   1,  47.37947,   8.54882,    0.5070,     99999,     99999
   1.07472,    958.73,    0.5104,     22.45,     22.55,   299.180,     38.60,      7.67,     25.34,   1,  47.37947,   8.54882,    0.5070,     99999,     99999
   1.09034,    958.75,    0.5102,     22.46,     22.56,   299.189,     38.60,      7.68,     25.35,   1,  47.37947,   8.54882,    0.5070,     99999,     99999
   1.10709,    958.72,    0.5104,     22.45,     22.55,   299.181,     38.60,      7.67,     25.36,   1,  47.37947,   8.54881,    0.5070,     99999,     99999
   1.12508,    958.74,    0.5103,     22.41,     22.51,   299.139,     38.60,      7.64,     25.37,   1,  47.37947,   8.54881,    0.5070,     99999,     99999
   1.14080,    958.72,    0.5104,     22.41,     22.51,   299.141,     38.60,      7.64,     25.38,   1,  47.37947,   8.54881,    0.5070,     99999,     99999
   1.15755,    958.74,    0.5103,     22.41,     22.51,   299.139,     38.60,      7.64,     25.39,   1,  47.37947,   8.54881,    0.5070,     99999,     99999
   1.17422,    958.73,    0.5104,     22.39,     22.49,   299.119,     38.70,      7.66,     25.40,   1,  47.37947,   8.54881,    0.5070,     99999,     99999
   1.19100,    958.74,    0.5103,     22.37,     22.47,   299.098,     38.70,      7.64,     25.41,   1,  47.37947,   8.54881,    0.5070,     99999,     99999
   1.20670,    958.72,    0.5104,     22.38,     22.48,   299.110,     38.60,      7.61,     25.42,   1,  47.37947,   8.54881,    0.5070,     99999,     99999
   1.22469,    958.72,    0.5104,     22.39,     22.49,   299.120,     38.70,      7.66,     25.43,   1,  47.37947,   8.54881,    0.5070,     99999,     99999
   1.24140,    958.72,    0.5104,     22.39,     22.49,   299.120,     38.80,      7.69,     25.44,   1,  47.37947,   8.54881,    0.5080,     99999,     99999
   1.25705,    958.73,    0.5104,     22.35,     22.45,   299.079,     38.80,      7.66,     25.45,   1,  47.37947,   8.54881,    0.5080,     99999,     99999
   1.27373,    958.73,    0.5104,     22.31,     22.41,   299.038,     38.80,      7.62,     25.46,   1,  47.37947,   8.54881,    0.5080,     99999,     99999
   1.29048,    958.73,    0.5104,     22.31,     22.41,   299.038,     38.80,      7.62,     25.47,   1,  47.37947,   8.54881,    0.5080,     99999,     99999
   1.30740,    958.72,    0.5104,     22.34,     22.44,   299.070,     38.90,      7.69,     25.48,   1,  47.37947,   8.54881,    0.5080,     99999,     99999
   1.32405,    958.73,    0.5104,     22.32,     22.42,   299.049,     38.90,      7.67,     25.49,   1,  47.37947,   8.54881,    0.5080,     99999,     99999
   1.34077,    958.71,    0.5105,     22.35,     22.45,   299.081,     38.80,      7.66,     25.50,   1,  47.37947,   8.54881,    0.5080,     99999,     99999
   1.35746,    958.74,    0.5103,     22.35,     22.45,   299.078,     38.80,      7.66,     25.51,   1,  47.37947,   8.54881,    0.5080,     99999,     99999
   1.37442,    958.73,    0.5104,     22.38,     22.48,   299.109,     40.10,      8.17,     25.52,   1,  47.37947,   8.54881,    0.5080,     99999,     99999
   1.39139,    958.72,    0.5104,     22.44,     22.54,   299.171,     39.80,      8.11,     25.53,   1,  47.37947,   8.54881,    0.5080,     99999,     99999
   1.40729,    958.73,    0.5104,     22.44,     22.54,   299.170,     39.60,      8.04,     25.54,   1,  47.37947,   8.54881,    0.5080,     99999,     99999
   1.42306,    958.74,    0.5103,     22.47,     22.57,   299.199,     40.10,      8.25,     25.55,   1,  47.37947,   8.54881,    0.5080,     99999,     99999
   1.44071,    958.73,    0.5104,     22.48,     22.58,   299.210,     40.40,      8.37,     25.56,   1,  47.37947,   8.54881,    0.5080,     99999,     99999
   1.45641,    958.74,    0.5103,     22.49,     22.59,   299.220,     39.90,      8.19,     25.57,   1,  47.37947,   8.54881,    0.5080,     99999,     99999
   1.47323,    958.74,    0.5103,     22.53,     22.63,   299.260,     40.20,      8.34,     25.58,   1,  47.37947,   8.54881,    0.5080,     99999,     99999
   1.49009,    958.74,    0.5103,     22.53,     22.63,   299.260,     40.20,      8.34,     25.59,   1,  47.37947,   8.54881,    0.5080,     99999,     99999
   1.50710,    958.74,    0.5103,     22.51,     22.61,   299.240,     40.10,      8.29,     25.60,   1,  47.37947,   8.54881,    0.5080,     99999,     99999
   1.52387,    958.75,    0.5102,     22.47,     22.57,   299.199,     39.80,      8.14,     25.61,   1,  47.37947,   8.54881,    0.5080,     99999,     99999
   1.54069,    958.75,    0.5102,     22.44,     22.54,   299.168,     39.60,      8.04,     25.62,   1,  47.37947,   8.54881,    0.5080,     99999,     99999
   1.55743,    958.74,    0.5103,     22.46,     22.56,   299.189,     39.40,      7.98,     25.63,   1,  47.37947,   8.54881,    0.5080,     99999,     99999
   1.57344,    958.75,    0.5102,     22.43,     22.53,   299.158,     39.40,      7.96,     25.64,   1,  47.37947,   8.54881,    0.5080,     99999,     99999
   1.59020,    958.75,    0.5102,     22.43,     22.53,   299.158,     39.10,      7.84,     25.65,   1,  47.37947,   8.54881,    0.5080,     99999,     99999
   1.60696,    958.73,    0.5104,     22.41,     22.51,   299.140,     39.00,      7.79,     25.66,   1,  47.37947,   8.54881,    0.5080,     99999,     99999
   1.62366,    958.74,    0.5103,     22.43,     22.53,   299.159,     39.00,      7.81,     25.67,   1,  47.37947,   8.54881,    0.5080,     99999,     99999
   1.64066,    958.74,    0.5103,     22.45,     22.55,   299.179,     39.00,      7.82,     25.68,   1,  47.37947,   8.54881,    0.5080,     99999,     99999
   1.65748,    958.75,    0.5102,     22.46,     22.56,   299.188,     39.00,      7.83,     25.68,   1,  47.37947,   8.54881,    0.5080,     99999,     99999
   1.67430,    958.74,    0.5103,     22.45,     22.55,   299.179,     39.00,      7.82,     25.69,   1,  47.37947,   8.54881,    0.5080,     99999,     99999
   1.69036,    958.74,    0.5103,     22.45,     22.55,   299.179,     39.10,      7.86,     25.70,   1,  47.37947,   8.54881,    0.5080,     99999,     99999
   1.70726,    958.74,    0.5103,     22.44,     22.54,   299.169,     39.00,      7.81,     25.71,   1,  47.37947,   8.54881,    0.5080,     99999,     99999
   1.72326,    958.75,    0.5102,     22.48,     22.58,   299.209,     39.00,      7.85,     25.72,   1,  47.37947,   8.54881,    0.5080,     99999,     99999
   1.74010,    958.75,    0.5102,     22.47,     22.57,   299.198,     39.00,      7.84,     25.73,   1,  47.37947,   8.54881,    0.5080,     99999,     99999
   1.75701,    958.75,    0.5102,     22.49,     22.59,   299.219,     39.00,      7.86,     25.74,   1,  47.37947,   8.54881,    0.5080,     99999,     99999
   1.77400,    958.75,    0.5102,     22.49,     22.59,   299.219,     39.00,      7.86,     25.75,   1,  47.37947,   8.54881,    0.5080,     99999,     99999
   1.78983,    958.75,    0.5102,     22.49,     22.59,   299.219,     39.10,      7.90,     25.75,   1,  47.37947,   8.54881,    0.5080,     99999,     99999
   1.80673,    958.75,    0.5102,     22.47,     22.57,   299.198,     39.10,      7.88,     25.76,   1,  47.37947,   8.54881,    0.5080,     99999,     99999
   1.82357,    958.74,    0.5103,     22.45,     22.55,   299.179,     39.10,      7.86,     25.77,   1,  47.37947,   8.54881,    0.5080,     99999,     99999
   1.84047,    958.74,    0.5103,     22.44,     22.54,   299.169,     39.10,      7.85,     25.78,   1,  47.37947,   8.54881,    0.5080,     99999,     99999
   1.85737,    958.73,    0.5104,     22.45,     22.55,   299.180,     39.10,      7.86,     25.79,   1,  47.37947,   8.54881,    0.5080,     99999,     99999
   1.87436,    958.74,    0.5103,     22.46,     22.56,   299.189,     39.20,      7.91,     25.80,   1,  47.37947,   8.54881,    0.5080,     99999,     99999
   1.89014,    958.74,    0.5103,     22.47,     22.57,   299.199,     39.20,      7.92,     25.81,   1,  47.37947,   8.54881,    0.5080,     99999,     99999
   1.90694,    958.77,    0.5100,     22.45,     22.55,   299.176,     39.10,      7.86,     25.82,   1,  47.37947,   8.54881,    0.5080,     99999,     99999
   1.92374,    958.77,    0.5100,     22.45,     22.55,   299.176,     39.00,      7.82,     25.82,   1,  47.37947,   8.54881,    0.5080,     99999,     99999
   1.94047,    958.75,    0.5102,     22.44,     22.54,   299.168,     38.90,      7.78,     25.83,   1,  47.37947,   8.54881,    0.5080,     99999,     99999
   1.95721,    958.76,    0.5101,     22.42,     22.52,   299.147,     39.00,      7.80,     25.84,   1,  47.37947,   8.54881,    0.5080,     99999,     99999
   1.97408,    958.76,    0.5101,     22.41,     22.51,   299.137,     39.00,      7.79,     25.85,   1,  47.37947,   8.54881,    0.5080,     99999,     99999
   1.99097,    958.76,    0.5101,     22.37,     22.47,   299.096,     39.00,      7.75,     25.86,   1,  47.37947,   8.54881,    0.5090,     99999,     99999
   2.00674,    958.75,    0.5102,     22.38,     22.48,   299.107,     39.00,      7.76,     25.87,   1,  47.37947,   8.54881,    0.5090,     99999,     99999
   2.02348,    958.74,    0.5103,     22.37,     22.47,   299.098,     39.00,      7.75,     25.88,   1,  47.37947,   8.54881,    0.5090,     99999,     99999
   2.04028,    958.74,    0.5103,     22.35,     22.45,   299.078,     39.10,      7.77,     25.88,   1,  47.37947,   8.54881,    0.5090,     99999,     99999
   2.05715,    958.75,    0.5102,     22.39,     22.49,   299.117,     39.10,      7.81,     25.89,   1,  47.37947,   8.54881,    0.5090,     99999,     99999
   2.07402,    958.75,    0.5102,     22.40,     22.50,   299.128,     39.20,      7.85,     25.90,   1,  47.37947,   8.54881,    0.5090,     99999,     99999
   2.09092,    958.74,    0.5103,     22.41,     22.51,   299.139,     39.20,      7.86,     25.91,   1,  47.37947,   8.54881,    0.5090,     99999,     99999
   2.10673,    958.75,    0.5102,     22.40,     22.50,   299.128,     39.00,      7.78,     25.92,   1,  47.37947,   8.54881,    0.5090,     99999,     99999
   2.12352,    958.75,    0.5102,     22.40,     22.50,   299.128,     39.00,      7.78,     25.93,   1,  47.37947,   8.54881,    0.5090,     99999,     99999
   2.14041,    958.76,    0.5101,     22.37,     22.47,   299.096,     39.10,      7.79,     25.93,   1,  47.37947,   8.54881,    0.5090,     99999,     99999
   2.15732,    958.75,    0.5102,     22.39,     22.49,   299.117,     39.10,      7.81,     25.94,   1,  47.37947,   8.54881,    0.5090,     99999,     99999
   2.17419,    958.74,    0.5103,     22.40,     22.50,   299.128,     39.10,      7.82,     25.95,   1,  47.37947,   8.54881,    0.5090,     99999,     99999
   2.19004,    958.75,    0.5102,     22.39,     22.49,   299.117,     39.20,      7.84,     25.96,   1,  47.37947,   8.54881,    0.5090,     99999,     99999
   2.20675,    958.75,    0.5102,     22.36,     22.46,   299.087,     39.10,      7.78,     25.97,   1,  47.37947,   8.54881,    0.5090,     99999,     99999
   2.22348,    958.74,    0.5103,     22.36,     22.46,   299.088,     39.10,      7.78,     25.97,   1,  47.37947,   8.54881,    0.5090,     99999,     99999
   2.24013,    958.74,    0.5103,     22.37,     22.47,   299.098,     39.10,      7.79,     25.98,   1,  47.37947,   8.54881,    0.5090,     99999,     99999
   2.25690,    958.74,    0.5103,     22.36,     22.46,   299.088,     39.10,      7.78,     25.99,   1,  47.37947,   8.54881,    0.5090,     99999,     99999
   2.27569,    958.75,    0.5102,     22.33,     22.43,   299.057,     39.20,      7.79,     26.00,   1,  47.37947,   8.54881,    0.5090,     99999,     99999
   2.29136,    958.73,    0.5104,     22.29,     22.39,   299.018,     39.30,      7.79,     26.01,   1,  47.37947,   8.54881,    0.5090,     99999,     99999
   2.30702,    958.74,    0.5103,     22.35,     22.45,   299.078,     39.30,      7.85,     26.01,   1,  47.37947,   8.54881,    0.5090,     99999,     99999
   2.32373,    958.73,    0.5104,     22.33,     22.43,   299.058,     39.20,      7.79,     26.02,   1,  47.37947,   8.54881,    0.5080,     99999,     99999
   2.34047,    958.75,    0.5102,     22.31,     22.41,   299.036,     39.30,      7.81,     26.03,   1,  47.37947,   8.54881,    0.5080,     99999,     99999
   2.35615,    958.74,    0.5103,     22.32,     22.42,   299.047,     39.10,      7.75,     26.04,   1,  47.37947,   8.54881,    0.5080,     99999,     99999
   2.37287,    958.73,    0.5104,     22.33,     22.43,   299.058,     39.00,      7.72,     26.05,   1,  47.37947,   8.54881,    0.5080,     99999,     99999
   2.39066,    958.73,    0.5104,     22.34,     22.44,   299.069,     39.10,      7.76,     26.06,   1,  47.37947,   8.54881,    0.5080,     99999,     99999
   2.40737,    958.73,    0.5104,     22.35,     22.45,   299.079,     39.10,      7.77,     26.06,   1,  47.37947,   8.54881,    0.5080,     99999,     99999
   2.42300,    958.72,    0.5104,     22.37,     22.47,   299.100,     39.00,      7.75,     26.07,   1,  47.37947,   8.54881,    0.5080,     99999,     99999
   2.43978,    958.73,    0.5104,     22.36,     22.46,   299.089,     39.00,      7.74,     26.08,   1,  47.37947,   8.54881,    0.5080,     99999,     99999
   2.45646,    958.74,    0.5103,     22.35,     22.45,   299.078,     39.10,      7.77,     26.08,   1,  47.37947,   8.54881,    0.5080,     99999,     99999
   2.47417,    958.73,    0.5104,     22.38,     22.48,   299.109,     39.20,      7.84,     26.09,   1,  47.37947,   8.54881,    0.5080,     99999,     99999
   2.48986,    958.75,    0.5102,     22.38,     22.48,   299.107,     39.20,      7.84,     26.10,   1,  47.37947,   8.54881,    0.5080,     99999,     99999
   2.50653,    958.74,    0.5103,     22.38,     22.48,   299.108,     39.10,      7.80,     26.11,   1,  47.37947,   8.54881,    0.5080,     99999,     99999
   2.52328,    958.75,    0.5102,     22.41,     22.51,   299.138,     39.10,      7.83,     26.12,   1,  47.37947,   8.54881,    0.5080,     99999,     99999
   2.54004,    958.74,    0.5103,     22.43,     22.53,   299.159,     39.10,      7.84,     26.12,   1,  47.37947,   8.54881,    0.5080,     99999,     99999
   2.55574,    958.74,    0.5103,     22.45,     22.55,   299.179,     39.10,      7.86,     26.13,   1,  47.37947,   8.54881,    0.5080,     99999,     99999
   2.57319,    958.73,    0.5104,     22.46,     22.56,   299.190,     39.10,      7.87,     26.14,   1,  47.37947,   8.54881,    0.5080,     99999,     99999
   2.58988,    958.74,    0.5103,     22.48,     22.58,   299.209,     39.20,      7.93,     26.15,   1,  47.37947,   8.54881,    0.5090,     99999,     99999
   2.60659,    958.73,    0.5104,     22.48,     22.58,   299.210,     39.30,      7.96,     26.15,   1,  47.37947,   8.54881,    0.5090,     99999,     99999
   2.62326,    958.75,    0.5102,     22.51,     22.61,   299.239,     39.30,      7.99,     26.16,   1,  47.37947,   8.54881,    0.5090,     99999,     99999
   2.63899,    958.75,    0.5102,     22.53,     22.63,   299.259,     39.50,      8.08,     26.17,   1,  47.37947,   8.54881,    0.5090,     99999,     99999
   2.65677,    958.76,    0.5101,     22.50,     22.60,   299.228,     39.40,      8.02,     26.18,   1,  47.37947,   8.54881,    0.5090,     99999,     99999
   2.67378,    958.77,    0.5100,     22.52,     22.62,   299.247,     39.60,      8.11,     26.18,   1,  47.37947,   8.54881,    0.5090,     99999,     99999
   2.68952,    958.78,    0.5099,     22.52,     22.62,   299.246,     39.80,      8.18,     26.19,   1,  47.37947,   8.54880,    0.5090,     99999,     99999
   2.70618,    958.76,    0.5101,     22.52,     22.62,   299.248,     39.90,      8.22,     26.20,   1,  47.37947,   8.54881,    0.5090,     99999,     99999
   2.72291,    958.77,    0.5100,     22.57,     22.67,   299.298,     40.10,      8.34,     26.20,   1,  47.37947,   8.54880,    0.5090,     99999,     99999
   2.74072,    958.77,    0.5100,     22.59,     22.69,   299.318,     40.30,      8.43,     26.21,   1,  47.37947,   8.54880,    0.5090,     99999,     99999
   2.75640,    958.77,    0.5100,     22.61,     22.71,   299.338,     40.30,      8.45,     26.22,   1,  47.37947,   8.54880,    0.5090,     99999,     99999
   2.77314,    958.79,    0.5098,     22.64,     22.74,   299.367,     40.10,      8.40,     26.23,   1,  47.37947,   8.54880,    0.5080,     99999,     99999
   2.78987,    958.76,    0.5101,     22.61,     22.71,   299.339,     39.90,      8.30,     26.23,   1,  47.37947,   8.54880,    0.5080,     99999,     99999
   2.80658,    958.77,    0.5100,     22.61,     22.71,   299.338,     39.90,      8.30,     26.24,   1,  47.37947,   8.54880,    0.5080,     99999,     99999
   2.82226,    958.77,    0.5100,     22.60,     22.70,   299.328,     40.00,      8.33,     26.25,   1,  47.37947,   8.54880,    0.5080,     99999,     99999
   2.83900,    958.78,    0.5099,     22.62,     22.72,   299.347,     40.00,      8.35,     26.26,   1,  47.37947,   8.54880,    0.5080,     99999,     99999
   2.85677,    958.78,    0.5099,     22.60,     22.70,   299.327,     39.70,      8.22,     26.26,   1,  47.37947,   8.54880,    0.5080,     99999,     99999
   2.87346,    958.79,    0.5098,     22.60,     22.70,   299.326,     39.50,      8.14,     26.27,   1,  47.37947,   8.54880,    0.5080,     99999,     99999
   2.88909,    958.78,    0.5099,     22.61,     22.71,   299.337,     39.20,      8.04,     26.28,   1,  47.37947,   8.54880,    0.5080,     99999,     99999
   2.90584,    958.76,    0.5101,     22.61,     22.71,   299.339,     39.20,      8.04,     26.28,   1,  47.37947,   8.54880,    0.5080,     99999,     99999
   2.92358,    958.77,    0.5100,     22.55,     22.65,   299.277,     39.30,      8.03,     26.29,   1,  47.37947,   8.54880,    0.5080,     99999,     99999
   2.94029,    958.76,    0.5101,     22.60,     22.70,   299.329,     41.20,      8.77,     26.30,   1,  47.37947,   8.54880,    0.5080,     99999,     99999
   2.95599,    958.76,    0.5101,     22.66,     22.76,   299.390,     41.10,      8.78,     26.31,   1,  47.37947,   8.54880,    0.5080,     99999,     99999
   2.97274,    958.76,    0.5101,     22.73,     22.83,   299.460,     42.00,      9.17,     26.31,   1,  47.37947,   8.54880,    0.5080,     99999,     99999
   2.98946,    958.77,    0.5100,     22.79,     22.89,   299.520,     41.70,      9.11,     26.32,   1,  47.37947,   8.54880,    0.5080,     99999,     99999
   3.00539,    958.76,    0.5101,     22.87,     22.97,   299.602,     43.90,      9.95,     26.33,   1,  47.37947,   8.54880,    0.5080,     99999,     99999
   3.02306,    958.76,    0.5101,     22.95,     23.05,   299.683,     44.90,     10.36,     26.33,   1,  47.37947,   8.54880,    0.5080,     99999,     99999
   3.04003,    958.75,    0.5102,     22.94,     23.04,   299.674,     42.70,      9.60,     26.34,   1,  47.37947,   8.54881,    0.5080,     99999,     99999
   3.05574,    958.76,    0.5101,     22.93,     23.03,   299.663,     40.60,      8.84,     26.35,   1,  47.37947,   8.54881,    0.5080,     99999,     99999
   3.07246,    958.76,    0.5101,     22.89,     22.99,   299.622,     40.00,      8.59,     26.36,   1,  47.37947,   8.54881,    0.5080,     99999,     99999
   3.09017,    958.79,    0.5098,     22.89,     22.99,   299.620,     39.80,      8.51,     26.36,   1,  47.37947,   8.54881,    0.5080,     99999,     99999
   3.10696,    958.77,    0.5100,     22.86,     22.96,   299.591,     41.60,      9.14,     26.37,   1,  47.37947,   8.54881,    0.5080,     99999,     99999
   3.12266,    958.77,    0.5100,     22.85,     22.95,   299.581,     43.10,      9.66,     26.38,   1,  47.37947,   8.54881,    0.5080,     99999,     99999
   3.13937,    958.77,    0.5100,     22.84,     22.94,   299.571,     42.90,      9.58,     26.38,   1,  47.37947,   8.54881,    0.5080,     99999,     99999
   3.15612,    958.74,    0.5103,     22.84,     22.94,   299.573,     42.10,      9.30,     26.39,   1,  47.37947,   8.54881,    0.5080,     99999,     99999
   3.17285,    958.73,    0.5104,     22.80,     22.90,   299.534,     41.60,      9.09,     26.40,   1,  47.37947,   8.54881,    0.5080,     99999,     99999
   3.18966,    958.72,    0.5104,     22.77,     22.87,   299.504,     41.60,      9.06,     26.40,   1,  47.37947,   8.54881,    0.5080,     99999,     99999
   3.20638,    958.72,    0.5104,     22.73,     22.83,   299.464,     42.10,      9.20,     26.41,   1,  47.37947,   8.54881,    0.5080,     99999,     99999
   3.22307,    958.74,    0.5103,     22.74,     22.84,   299.472,     41.50,      9.00,     26.42,   1,  47.37947,   8.54881,    0.5080,     99999,     99999
   3.23970,    958.75,    0.5102,     22.68,     22.78,   299.411,     42.00,      9.12,     26.42,   1,  47.37947,   8.54881,    0.5080,     99999,     99999
   3.25540,    958.74,    0.5103,     22.73,     22.83,   299.462,     41.70,      9.06,     26.43,   1,  47.37947,   8.54881,    0.5080,     99999,     99999
   3.27316,    958.74,    0.5103,     22.72,     22.82,   299.452,     41.30,      8.91,     26.44,   1,  47.37947,   8.54881,    0.5080,     99999,     99999
   3.28990,    958.72,    0.5104,     22.71,     22.81,   299.444,     42.00,      9.15,     26.44,   1,  47.37947,   8.54881,    0.5080,     99999,     99999
   3.30662,    958.72,    0.5104,     22.69,     22.79,   299.423,     41.30,      8.88,     26.45,   1,  47.37947,   8.54881,    0.5080,     99999,     99999
   3.32233,    958.71,    0.5105,     22.68,     22.78,   299.414,     40.90,      8.73,     26.46,   1,  47.37946,   8.54881,    0.5080,     99999,     99999
   3.33899,    958.69,    0.5107,     22.70,     22.80,   299.436,     39.80,      8.34,     26.46,   1,  47.37947,   8.54881,    0.5080,     99999,     99999
   3.35701,    958.64,    0.5112,     22.75,     22.85,   299.491,     39.50,      8.28,     26.47,   1,  47.37947,   8.54881,    0.5080,     99999,     99999
  18.22170,    958.62,    0.5114,     22.75,     22.85,   299.493,     38.90,      8.05,     26.47,   1,   0.00000,   0.00000,   -0.0170,     99999,     99999
  18.23946,    958.30,    0.5142,     16.95,     17.06,   293.656,     46.00,      5.27,     22.43,   1,   0.00000,   0.00000,   -0.0170,     99999,     99999
  18.25619,    958.30,    0.5142,     17.01,     17.12,   293.717,     45.80,      5.26,     22.44,   1,   0.00000,   0.00000,   -0.0170,     99999,     99999
  18.27089,    958.30,    0.5142,     17.13,     17.24,   293.839,     45.90,      5.40,     22.46,   1,   0.00000,   0.00000,   -0.0170,     99999,     99999
  18.28761,    958.30,    0.5142,     17.28,     17.39,   293.990,     45.60,      5.44,     22.47,   1,   0.00000,   0.00000,   -0.0170,     99999,     99999
  18.30425,    958.29,    0.5143,     17.37,     17.48,   294.082,     45.30,      5.43,     22.48,   1,   0.00000,   0.00000,   -0.0170,     99999,     99999
  18.32091,    958.29,    0.5143,     17.44,     17.55,   294.153,     45.20,      5.46,     22.49,   1,   0.00000,   0.00000,   -0.0170,     99999,     99999
  18.33767,    958.30,    0.5142,     17.39,     17.50,   294.102,     44.80,      5.29,     22.51,   1,   0.00000,   0.00000,   -0.0170,     99999,     99999
  18.35340,    958.29,    0.5143,     17.19,     17.30,   293.900,     44.40,      4.98,     22.52,   1,   0.00000,   0.00000,   -0.0170,     99999,     99999
  18.37114,    958.29,    0.5143,     17.16,     17.27,   293.870,     44.50,      4.98,     22.53,   1,   0.00000,   0.00000,   -0.0170,     99999,     99999
  18.38781,    958.29,    0.5143,     17.31,     17.42,   294.022,     44.60,      5.15,     22.55,   1,   0.00000,   0.00000,   -0.0170,     99999,     99999
  18.40653,    958.29,    0.5143,     17.49,     17.60,   294.204,     44.60,      5.31,     22.56,   1,   0.00000,   0.00000,   -0.0170,     99999,     99999
  18.42218,    958.30,    0.5142,     17.69,     17.80,   294.405,     45.50,      5.78,     22.57,   1,   0.00000,   0.00000,   -0.0170,     99999,     99999
  18.43891,    958.29,    0.5143,     17.85,     17.96,   294.568,     45.50,      5.93,     22.59,   1,   0.00000,   0.00000,   -0.0170,     99999,     99999
  18.45566,    958.29,    0.5143,     17.99,     18.10,   294.710,     44.90,      5.86,     22.61,   1,   0.00000,   0.00000,   -0.0170,     99999,     99999
  18.47238,    958.30,    0.5142,     18.13,     18.24,   294.851,     44.70,      5.93,     22.62,   1,   0.00000,   0.00000,   -0.0170,     99999,     99999
  18.48918,    958.28,    0.5144,     18.29,     18.40,   295.015,     45.50,      6.33,     22.64,   1,   0.00000,   0.00000,   -0.0170,     99999,     99999
  18.50594,    958.29,    0.5143,     18.50,     18.61,   295.226,     45.40,      6.49,     22.66,   1,   0.00000,   0.00000,   -0.0170,     99999,     99999
  18.52264,    958.29,    0.5143,     18.68,     18.79,   295.408,     44.60,      6.39,     22.68,   1,   0.00000,   0.00000,   -0.0170,     99999,     99999
  18.53933,    958.28,    0.5144,     18.77,     18.88,   295.500,     43.70,      6.18,     22.70,   1,   0.00000,   0.00000,   -0.0170,     99999,     99999
  18.55497,    958.29,    0.5143,     18.89,     19.00,   295.621,     43.60,      6.26,     22.72,   1,   0.00000,   0.00000,   -0.0170,     99999,     99999
  18.57272,    958.29,    0.5143,     19.04,     19.15,   295.773,     43.60,      6.39,     22.74,   1,   0.00000,   0.00000,   -0.0170,     99999,     99999
  18.58943,    958.30,    0.5142,     18.93,     19.04,   295.661,     43.30,      6.19,     22.75,   1,   0.00000,   0.00000,   -0.0170,     99999,     99999
  18.60613,    958.26,    0.5146,     18.11,     18.22,   294.834,     42.80,      5.28,     22.77,   1,   0.00000,   0.00000,   -0.0170,     99999,     99999
  18.62178,    958.30,    0.5142,     17.60,     17.71,   294.314,     42.80,      4.82,     22.79,   1,   0.00000,   0.00000,   -0.0170,     99999,     99999
  18.63850,    958.28,    0.5144,     17.30,     17.41,   294.012,     42.80,      4.55,     22.81,   1,   0.00000,   0.00000,   -0.0170,     99999,     99999
  18.65623,    958.29,    0.5143,     17.13,     17.24,   293.839,     43.00,      4.46,     22.83,   1,   0.00000,   0.00000,   -0.0170,     99999,     99999
  18.67296,    958.29,    0.5143,     16.96,     17.07,   293.667,     43.40,      4.44,     22.85,   1,   0.00000,   0.00000,   -0.0170,     99999,     99999
  18.68860,    958.28,    0.5144,     16.92,     17.03,   293.628,     43.70,      4.51,     22.87,   1,   0.00000,   0.00000,   -0.0170,     99999,     99999
  18.70535,    958.28,    0.5144,     16.81,     16.92,   293.516,     43.80,      4.44,     22.89,   1,   0.00000,   0.00000,   -0.0170,     99999,     99999
  18.72211,    958.29,    0.5143,     16.79,     16.90,   293.495,     44.30,      4.58,     22.91,   1,   0.00000,   0.00000,   -0.0170,     99999,     99999
  18.73990,    958.29,    0.5143,     16.82,     16.93,   293.526,     44.90,      4.80,     22.93,   1,   0.00000,   0.00000,   -0.0170,     99999,     99999
  18.75564,    958.28,    0.5144,     16.95,     17.06,   293.658,     45.50,      5.11,     22.95,   1,   0.00000,   0.00000,   -0.0170,     99999,     99999
  18.77232,    958.31,    0.5141,     16.66,     16.77,   293.362,     45.00,      4.69,     22.97,   1,   0.00000,   0.00000,   -0.0170,     99999,     99999
  18.78903,    958.32,    0.5141,     16.62,     16.73,   293.321,     46.00,      4.97,     22.99,   1,   0.00000,   0.00000,   -0.0170,     99999,     99999
  18.80573,    958.30,    0.5142,     16.73,     16.84,   293.434,     46.80,      5.31,     23.00,   1,   0.00000,   0.00000,   -0.0170,     99999,     99999
  18.82249,    958.32,    0.5141,     16.68,     16.79,   293.381,     46.50,      5.18,     23.02,   1,   0.00000,   0.00000,   -0.0170,     99999,     99999
  18.84027,    958.31,    0.5141,     16.66,     16.77,   293.362,     46.70,      5.22,     23.04,   1,   0.00000,   0.00000,   -0.0170,     99999,     99999
  18.85703,    958.33,    0.5140,     16.64,     16.75,   293.340,     47.20,      5.35,     23.06,   1,   0.00000,   0.00000,   -0.0170,     99999,     99999
  18.87482,    958.33,    0.5140,     16.87,     16.98,   293.573,     49.10,      6.13,     23.07,   1,   0.00000,   0.00000,   -0.0170,     99999,     99999
  18.89127,    958.32,    0.5141,     17.18,     17.29,   293.887,     50.10,      6.71,     23.09,   1,   0.00000,   0.00000,   -0.0170,     99999,     99999
  18.90700,    958.32,    0.5141,     17.20,     17.31,   293.908,     49.60,      6.58,     23.10,   1,   0.00000,   0.00000,   -0.0170,     99999,     99999
  18.92268,    958.31,    0.5141,     17.24,     17.35,   293.949,     50.40,      6.85,     23.12,   1,   0.00000,   0.00000,   -0.0170,     99999,     99999
  18.93939,    958.32,    0.5141,     17.77,     17.88,   294.485,     54.20,      8.41,     23.13,   1,   0.00000,   0.00000,   -0.0170,     99999,     99999
  18.95607,    958.32,    0.5141,     18.22,     18.33,   294.940,     54.60,      8.93,     23.15,   1,   0.00000,   0.00000,   -0.0170,     99999,     99999
  18.97173,    958.36,    0.5137,     18.34,     18.45,   295.058,     54.50,      9.02,     23.17,   1,   0.00000,   0.00000,   -0.0170,     99999,     99999
  18.98855,    958.35,    0.5138,     18.43,     18.54,   295.150,     53.70,      8.88,     23.18,   1,   0.00000,   0.00000,   -0.0170,     99999,     99999
  19.00623,    958.36,    0.5137,     18.36,     18.47,   295.078,     53.30,      8.71,     23.19,   1,   0.00000,   0.00000,   -0.0170,     99999,     99999
  19.02303,    958.32,    0.5141,     18.24,     18.35,   294.960,     53.10,      8.54,     23.21,   1,   0.00000,   0.00000,   -0.0170,     99999,     99999
  19.03876,    958.32,    0.5141,     18.05,     18.16,   294.768,     52.30,      8.14,     23.22,   1,   0.00000,   0.00000,   -0.0170,     99999,     99999
  19.05548,    958.32,    0.5141,     17.98,     18.09,   294.697,     52.50,      8.13,     23.23,   1,   0.00000,   0.00000,   -0.0170,     99999,     99999
  19.07429,    958.31,    0.5141,     17.83,     17.94,   294.546,     50.20,      7.34,     23.25,   1,   0.00000,   0.00000,   -0.0170,     99999,     99999
  19.08996,    958.34,    0.5139,     17.67,     17.78,   294.382,     48.80,      6.78,     23.26,   1,   0.00000,   0.00000,   -0.0170,     99999,     99999
  19.10563,    958.36,    0.5137,     17.45,     17.56,   294.157,     48.10,      6.37,     23.28,   1,   0.00000,   0.00000,   -0.0170,     99999,     99999
  19.12235,    958.36,    0.5137,     17.31,     17.42,   294.015,     47.30,      6.00,     23.29,   1,   0.00000,   0.00000,   -0.0170,     99999,     99999
  19.13911,    958.40,    0.5133,     17.53,     17.64,   294.235,     47.60,      6.29,     23.30,   1,   0.00000,   0.00000,   -0.0170,     99999,     99999
  19.15590,    958.39,    0.5134,     18.10,     18.21,   294.812,     47.40,      6.75,     23.32,   1,   0.00000,   0.00000,   -0.0170,     99999,     99999
  19.17165,    958.29,    0.5143,     17.87,     17.98,   294.588,     46.60,      6.29,     23.33,   1,   0.00000,   0.00000,   -0.0170,     99999,     99999
  19.18934,    958.29,    0.5143,     17.41,     17.52,   294.123,     46.40,      5.81,     23.34,   1,   0.00000,   0.00000,   -0.0170,     99999,     99999
  19.20602,    958.30,    0.5142,     17.09,     17.20,   293.798,     46.50,      5.55,     23.35,   1,   0.00000,   0.00000,   -0.0170,     99999,     99999
  19.22274,    958.31,    0.5141,     17.08,     17.19,   293.787,     46.70,      5.60,     23.37,   1,   0.00000,   0.00000,   -0.0170,     99999,     99999
  19.23843,    958.31,    0.5141,     17.16,     17.27,   293.868,     47.00,      5.77,     23.38,   1,   0.00000,   0.00000,   -0.0170,     99999,     99999
  19.25723,    958.32,    0.5141,     17.39,     17.50,   294.100,     47.00,      5.98,     23.40,   1,   0.00000,   0.00000,   -0.0170,     99999,     99999
  19.27399,    958.31,    0.5141,     17.62,     17.73,   294.333,     47.10,      6.22,     23.41,   1,   0.00000,   0.00000,   -0.0170,     99999,     99999
  19.29077,    958.31,    0.5141,     17.52,     17.63,   294.232,     47.00,      6.10,     23.42,   1,  44.34030, -20.95194,   10.3440,     99999,     99999
  19.30663,    958.32,    0.5141,     17.33,     17.44,   294.039,     46.90,      5.89,     23.44,   1,  44.44953, -19.99897,   10.3850,     99999,     99999
  19.32324,    958.31,    0.5141,     17.23,     17.34,   293.939,     46.60,      5.71,     23.45,   1,  44.13058, -20.37992,   10.2660,     99999,     99999
  19.33999,    958.31,    0.5141,     17.29,     17.40,   293.999,     47.20,      5.95,     23.46,   1,  43.75806, -21.21667,   10.1270,     99999,     99999
  19.35773,    958.30,    0.5142,     17.45,     17.56,   294.162,     46.80,      5.97,     23.47,   1,  43.75469, -21.21831,   10.1260,     99999,     99999
  19.37449,    958.30,    0.5142,     17.80,     17.91,   294.517,     47.60,      6.54,     23.49,   1,  43.80291, -20.74787,   10.1440,     99999,     99999
  19.38914,    958.30,    0.5142,     18.09,     18.20,   294.810,     48.80,      7.16,     23.50,   1,  39.51652, -31.78365,    8.5620,     99999,     99999
  19.40591,    958.31,    0.5141,     18.27,     18.38,   294.991,     47.40,      6.90,     23.51,   1,  40.56073, -27.88609,    8.9400,     99999,     99999
  19.42263,    958.31,    0.5141,     18.19,     18.30,   294.910,     46.00,      6.40,     23.52,   1,  41.88324, -24.44927,    9.4300,     99999,     99999
  19.43931,    958.30,    0.5142,     18.05,     18.16,   294.770,     45.60,      6.14,     23.53,   1,  41.02350, -28.91891,    9.1100,     99999,     99999
  19.45716,    958.31,    0.5141,     17.91,     18.02,   294.627,     45.90,      6.11,     23.54,   1,  44.21618, -22.05417,   10.2970,     99999,     99999
  19.47397,    958.31,    0.5141,     17.93,     18.04,   294.647,     49.20,      7.14,     23.55,   1,  41.78344, -27.65195,    9.3910,     99999,     99999
  19.49072,    958.30,    0.5142,     18.04,     18.15,   294.759,     49.60,      7.36,     23.57,   1,  47.37934,   8.54874,    0.5440,     99999,     99999
  19.50673,    958.30,    0.5142,     18.02,     18.13,   294.739,     47.00,      6.55,     23.58,   1,  47.37935,   8.54877,    0.5200,     99999,     99999
  19.52351,    958.30,    0.5142,     17.89,     18.00,   294.608,     46.20,      6.19,     23.59,   1,  47.37937,   8.54878,    0.5140,     99999,     99999
  19.54132,    958.31,    0.5141,     17.87,     17.98,   294.586,     46.40,      6.23,     23.60,   1,  47.37937,   8.54878,    0.5170,     99999,     99999
  19.55809,    958.30,    0.5142,     17.95,     18.06,   294.668,     46.20,      6.24,     23.61,   1,  47.37937,   8.54878,    0.5150,     99999,     99999
  19.57386,    958.30,    0.5142,     18.10,     18.21,   294.820,     46.50,      6.47,     23.62,   1,  47.37938,   8.54879,    0.5100,     99999,     99999
  19.59057,    958.30,    0.5142,     18.08,     18.19,   294.800,     46.90,      6.58,     23.63,   1,  47.37939,   8.54879,    0.5060,     99999,     99999
  19.60728,    958.31,    0.5141,     18.19,     18.30,   294.910,     47.40,      6.83,     23.64,   1,  47.37939,   8.54879,    0.5050,     99999,     99999
  19.62400,    958.31,    0.5141,     18.18,     18.29,   294.900,     47.40,      6.82,     23.66,   1,  47.37939,   8.54879,    0.5020,     99999,     99999
  19.64067,    958.31,    0.5141,     18.27,     18.38,   294.991,     47.60,      6.97,     23.66,   1,  47.37940,   8.54880,    0.4990,     99999,     99999
  19.65732,    958.30,    0.5142,     18.38,     18.49,   295.104,     47.80,      7.13,     23.68,   1,  47.37941,   8.54880,    0.4970,     99999,     99999
  19.67432,    958.31,    0.5141,     18.61,     18.72,   295.336,     47.80,      7.34,     23.69,   1,  47.37941,   8.54880,    0.4980,     99999,     99999
  19.69004,    958.31,    0.5141,     18.68,     18.79,   295.406,     47.30,      7.25,     23.70,   1,  47.37941,   8.54880,    0.4970,     99999,     99999
  19.70704,    958.31,    0.5141,     18.52,     18.63,   295.244,     47.00,      7.01,     23.71,   1,  47.37942,   8.54880,    0.4970,     99999,     99999
  19.72405,    958.30,    0.5142,     18.15,     18.26,   294.871,     46.60,      6.55,     23.72,   1,  47.37943,   8.54880,    0.4980,     99999,     99999
  19.74105,    958.29,    0.5143,     17.94,     18.05,   294.659,     46.90,      6.45,     23.73,   1,  47.37943,   8.54880,    0.4990,     99999,     99999
  19.75702,    958.30,    0.5142,     17.91,     18.02,   294.628,     46.60,      6.33,     23.74,   1,  47.37943,   8.54880,    0.4970,     99999,     99999
  19.77374,    958.30,    0.5142,     17.87,     17.98,   294.587,     46.70,      6.32,     23.75,   1,  47.37942,   8.54880,    0.4970,     99999,     99999
  19.79073,    958.30,    0.5142,     17.91,     18.02,   294.628,     48.40,      6.88,     23.76,   1,  47.37941,   8.54880,    0.4970,     99999,     99999
  19.80773,    958.29,    0.5143,     18.09,     18.20,   294.811,     49.90,      7.49,     23.77,   1,  47.37941,   8.54880,    0.4990,     99999,     99999
  19.82441,    958.29,    0.5143,     18.10,     18.21,   294.821,     50.10,      7.56,     23.78,   1,  47.37941,   8.54880,    0.4990,     99999,     99999
  19.84121,    958.30,    0.5142,     18.29,     18.40,   295.012,     50.70,      7.91,     23.79,   1,  47.37941,   8.54880,    0.5000,     99999,     99999
  19.85691,    958.30,    0.5142,     18.06,     18.17,   294.780,     48.60,      7.08,     23.80,   1,  47.37939,   8.54880,    0.5010,     99999,     99999
  19.87366,    958.30,    0.5142,     18.00,     18.11,   294.719,     48.60,      7.02,     23.81,   1,  47.37939,   8.54880,    0.5010,     99999,     99999
  19.89143,    958.29,    0.5143,     18.06,     18.17,   294.780,     49.20,      7.26,     23.83,   1,  47.37939,   8.54880,    0.5000,     99999,     99999
  19.90818,    958.28,    0.5144,     17.99,     18.10,   294.710,     48.70,      7.04,     23.84,   1,  47.37940,   8.54880,    0.5020,     99999,     99999
  19.92407,    958.28,    0.5144,     17.89,     18.00,   294.609,     48.80,      6.98,     23.85,   1,  47.37940,   8.54880,    0.5030,     99999,     99999
  19.94081,    958.28,    0.5144,     18.02,     18.13,   294.741,     48.70,      7.07,     23.86,   1,  47.37939,   8.54880,    0.5030,     99999,     99999
  19.95758,    958.28,    0.5144,     18.18,     18.29,   294.903,     48.70,      7.22,     23.87,   1,  47.37940,   8.54879,    0.5030,     99999,     99999
  19.97332,    958.27,    0.5145,     18.38,     18.49,   295.106,     48.40,      7.31,     23.88,   1,  47.37940,   8.54879,    0.5030,     99999,     99999
  19.99009,    958.27,    0.5145,     18.54,     18.65,   295.268,     47.50,      7.18,     23.90,   1,  47.37940,   8.54879,    0.5030,     99999,     99999
  20.00784,    958.27,    0.5145,     18.68,     18.79,   295.410,     46.50,      7.00,     23.91,   1,  47.37939,   8.54879,    0.5030,     99999,     99999
  20.02453,    958.27,    0.5145,     18.71,     18.82,   295.440,     45.20,      6.61,     23.92,   1,  47.37939,   8.54879,    0.5040,     99999,     99999
  20.04021,    958.28,    0.5144,     18.70,     18.81,   295.429,     44.30,      6.31,     23.94,   1,  47.37939,   8.54879,    0.5040,     99999,     99999
  20.05697,    958.28,    0.5144,     18.51,     18.62,   295.237,     43.40,      5.84,     23.95,   1,  47.37938,   8.54879,    0.5040,     99999,     99999
  20.07474,    958.29,    0.5143,     18.25,     18.36,   294.973,     43.10,      5.51,     23.97,   1,  47.37938,   8.54879,    0.5050,     99999,     99999
  20.09148,    958.28,    0.5144,     18.17,     18.28,   294.893,     43.20,      5.47,     23.98,   1,  47.37938,   8.54879,    0.5060,     99999,     99999
  20.10723,    958.29,    0.5143,     17.97,     18.08,   294.689,     43.60,      5.42,     23.99,   1,  47.37938,   8.54879,    0.5070,     99999,     99999
  20.12391,    958.30,    0.5142,     17.83,     17.94,   294.547,     43.80,      5.36,     24.00,   1,  47.37938,   8.54879,    0.5080,     99999,     99999
  20.14065,    958.28,    0.5144,     17.72,     17.83,   294.437,     44.50,      5.49,     24.01,   1,  47.37939,   8.54879,    0.5090,     99999,     99999
  20.15738,    958.28,    0.5144,     17.77,     17.88,   294.488,     44.70,      5.60,     24.02,   1,  47.37939,   8.54878,    0.5090,     99999,     99999
  20.17413,    958.28,    0.5144,     17.86,     17.97,   294.579,     45.10,      5.81,     24.03,   1,  47.37939,   8.54878,    0.5100,     99999,     99999
  20.19105,    958.29,    0.5143,     17.89,     18.00,   294.608,     44.80,      5.74,     24.04,   1,  47.37939,   8.54878,    0.5110,     99999,     99999
  20.20777,    958.29,    0.5143,     17.95,     18.06,   294.669,     44.40,      5.67,     24.05,   1,  47.37939,   8.54878,    0.5110,     99999,     99999
  20.22346,    958.28,    0.5144,     17.98,     18.09,   294.700,     45.30,      5.98,     24.06,   1,  47.37939,   8.54878,    0.5110,     99999,     99999
  20.24019,    958.29,    0.5143,     18.07,     18.18,   294.790,     47.00,      6.60,     24.07,   1,  47.37939,   8.54878,    0.5110,     99999,     99999
  20.25797,    958.30,    0.5142,     18.06,     18.17,   294.779,     47.00,      6.59,     24.09,   1,  47.37939,   8.54878,    0.5110,     99999,     99999
  20.27470,    958.29,    0.5143,     18.12,     18.23,   294.841,     46.80,      6.58,     24.09,   1,  47.37939,   8.54878,    0.5100,     99999,     99999
  20.29038,    958.29,    0.5143,     18.09,     18.20,   294.811,     46.70,      6.52,     24.10,   1,  47.37939,   8.54878,    0.5100,     99999,     99999
  20.30710,    958.27,    0.5145,     18.03,     18.14,   294.752,     46.40,      6.38,     24.11,   1,  47.37939,   8.54878,    0.5100,     99999,     99999
  20.32380,    958.28,    0.5144,     18.06,     18.17,   294.781,     47.90,      6.87,     24.12,   1,  47.37939,   8.54878,    0.5100,     99999,     99999
  20.34157,    958.29,    0.5143,     18.22,     18.33,   294.942,     48.10,      7.07,     24.13,   1,  47.37939,   8.54878,    0.5100,     99999,     99999
  20.35726,    958.28,    0.5144,     18.37,     18.48,   295.095,     48.50,      7.33,     24.14,   1,  47.37939,   8.54878,    0.5100,     99999,     99999
  20.37400,    958.30,    0.5142,     18.55,     18.66,   295.275,     48.80,      7.59,     24.15,   1,  47.37939,   8.54878,    0.5110,     99999,     99999
  20.39066,    958.28,    0.5144,     18.49,     18.60,   295.216,     49.30,      7.68,     24.16,   1,  47.37939,   8.54878,    0.5110,     99999,     99999
  20.40741,    958.28,    0.5144,     18.51,     18.62,   295.237,     49.50,      7.76,     24.17,   1,  47.37939,   8.54879,    0.5100,     99999,     99999
  20.42438,    958.27,    0.5145,     18.81,     18.92,   295.541,     49.20,      7.94,     24.18,   1,  47.37939,   8.54878,    0.5100,     99999,     99999
  20.44110,    958.28,    0.5144,     18.99,     19.10,   295.723,     48.30,      7.84,     24.19,   1,  47.37939,   8.54878,    0.5100,     99999,     99999
  20.45787,    958.27,    0.5145,     19.06,     19.17,   295.794,     47.70,      7.72,     24.20,   1,  47.37939,   8.54877,    0.5110,     99999,     99999
  20.47354,    958.28,    0.5144,     18.82,     18.93,   295.550,     46.00,      6.97,     24.21,   1,  47.37939,   8.54878,    0.5100,     99999,     99999
  20.49030,    958.29,    0.5143,     18.60,     18.71,   295.327,     46.70,      6.99,     24.22,   1,  47.37939,   8.54878,    0.5100,     99999,     99999
  20.50827,    958.29,    0.5143,     18.54,     18.65,   295.266,     46.20,      6.78,     24.23,   1,  47.37939,   8.54878,    0.5090,     99999,     99999
  20.52395,    958.30,    0.5142,     18.47,     18.58,   295.194,     48.20,      7.33,     24.24,   1,  47.37939,   8.54878,    0.5090,     99999,     99999
  20.54066,    958.28,    0.5144,     18.50,     18.61,   295.227,     46.70,      6.90,     24.24,   1,  47.37939,   8.54878,    0.5090,     99999,     99999
  20.55735,    958.29,    0.5143,     18.26,     18.37,   294.983,     45.70,      6.36,     24.26,   1,  47.37939,   8.54879,    0.5090,     99999,     99999
  20.57418,    958.29,    0.5143,     18.02,     18.13,   294.740,     46.70,      6.46,     24.27,   1,  47.37939,   8.54879,    0.5090,     99999,     99999
  20.59087,    958.29,    0.5143,     18.02,     18.13,   294.740,     46.70,      6.46,     24.28,   1,  47.37939,   8.54879,    0.5090,     99999,     99999
  20.60761,    958.30,    0.5142,     18.01,     18.12,   294.729,     46.70,      6.45,     24.29,   1,  47.37939,   8.54879,    0.5080,     99999,     99999
  20.62435,    958.31,    0.5141,     17.51,     17.62,   294.222,     44.80,      5.40,     24.30,   1,  47.37938,   8.54879,    0.5080,     99999,     99999
  20.64031,    958.30,    0.5142,     17.07,     17.18,   293.777,     44.20,      4.80,     24.30,   1,  47.37938,   8.54879,    0.5080,     99999,     99999
  20.65701,    958.31,    0.5141,     16.99,     17.10,   293.695,     45.30,      5.08,     24.32,   1,  47.37938,   8.54879,    0.5080,     99999,     99999
  20.67377,    958.30,    0.5142,     17.19,     17.30,   293.899,     46.30,      5.58,     24.32,   1,  47.37938,   8.54879,    0.5070,     99999,     99999
  20.69154,    958.29,    0.5143,     17.35,     17.46,   294.062,     48.10,      6.28,     24.34,   1,  47.37938,   8.54879,    0.5070,     99999,     99999
  20.70725,    958.28,    0.5144,     17.60,     17.71,   294.315,     48.80,      6.71,     24.34,   1,  47.37938,   8.54880,    0.5060,     99999,     99999
  20.72395,    958.29,    0.5143,     17.70,     17.81,   294.416,     48.30,      6.66,     24.36,   1,  47.37938,   8.54880,    0.5060,     99999,     99999
  20.74071,    958.29,    0.5143,     17.86,     17.97,   294.578,     48.00,      6.71,     24.36,   1,  47.37938,   8.54880,    0.5050,     99999,     99999
  20.75741,    958.28,    0.5144,     18.05,     18.16,   294.771,     47.00,      6.58,     24.37,   1,  47.37938,   8.54881,    0.5050,     99999,     99999
  20.77412,    958.26,    0.5146,     18.19,     18.30,   294.914,     45.50,      6.24,     24.38,   1,  47.37938,   8.54881,    0.5040,     99999,     99999
  20.79084,    958.28,    0.5144,     18.28,     18.39,   295.004,     45.50,      6.32,     24.39,   1,  47.37937,   8.54881,    0.5040,     99999,     99999
  20.80759,    958.27,    0.5145,     18.45,     18.56,   295.177,     46.10,      6.66,     24.40,   1,  47.37937,   8.54881,    0.5050,     99999,     99999
  20.82435,    958.28,    0.5144,     18.70,     18.81,   295.429,     46.30,      6.96,     24.41,   1,  47.37937,   8.54881,    0.5050,     99999,     99999
  20.84004,    958.28,    0.5144,     18.71,     18.82,   295.439,     45.50,      6.71,     24.42,   1,  47.37938,   8.54881,    0.5040,     99999,     99999
  20.85781,    958.28,    0.5144,     18.63,     18.74,   295.358,     45.50,      6.64,     24.42,   1,  47.37938,   8.54881,    0.5040,     99999,     99999
  20.87457,    958.28,    0.5144,     18.64,     18.75,   295.368,     45.90,      6.77,     24.43,   1,  47.37938,   8.54881,    0.5030,     99999,     99999
  20.89131,    958.26,    0.5146,     18.64,     18.75,   295.370,     45.80,      6.74,     24.44,   1,  47.37938,   8.54881,    0.5030,     99999,     99999
  20.90704,    958.27,    0.5145,     18.68,     18.79,   295.410,     45.80,      6.78,     24.45,   1,  47.37938,   8.54881,    0.5020,     99999,     99999
  20.92371,    958.27,    0.5145,     18.69,     18.80,   295.420,     45.10,      6.56,     24.46,   1,  47.37938,   8.54881,    0.5020,     99999,     99999
  20.94044,    958.28,    0.5144,     18.68,     18.79,   295.409,     44.70,      6.43,     24.47,   1,  47.37938,   8.54881,    0.5010,     99999,     99999
  20.95814,    958.28,    0.5144,     18.64,     18.75,   295.368,     44.50,      6.32,     24.48,   1,  47.37938,   8.54881,    0.5000,     99999,     99999
  20.97385,    958.27,    0.5145,     18.60,     18.71,   295.329,     44.50,      6.29,     24.49,   1,  47.37938,   8.54881,    0.5000,     99999,     99999
  20.99056,    958.26,    0.5146,     18.63,     18.74,   295.360,     44.70,      6.38,     24.49,   1,  47.37938,   8.54881,    0.5010,     99999,     99999
  21.00729,    958.28,    0.5144,     18.61,     18.72,   295.338,     44.60,      6.33,     24.50,   1,  47.37938,   8.54881,    0.5010,     99999,     99999
  21.02397,    958.26,    0.5146,     18.59,     18.70,   295.319,     44.90,      6.41,     24.51,   1,  47.37937,   8.54881,    0.5010,     99999,     99999
  21.04071,    958.25,    0.5147,     18.63,     18.74,   295.361,     45.30,      6.57,     24.52,   1,  47.37937,   8.54880,    0.5010,     99999,     99999
  21.05742,    958.25,    0.5147,     18.32,     18.43,   295.047,     45.10,      6.23,     24.53,   1,  47.37938,   8.54880,    0.5030,     99999,     99999
  21.07414,    958.22,    0.5149,     18.02,     18.13,   294.746,     44.70,      5.83,     24.54,   1,  47.37937,   8.54881,    0.5030,     99999,     99999
  21.09006,    958.23,    0.5149,     17.69,     17.80,   294.411,     44.00,      5.30,     24.55,   1,  47.37937,   8.54881,    0.5030,     99999,     99999
  21.10784,    958.22,    0.5149,     17.55,     17.66,   294.270,     44.10,      5.21,     24.56,   1,  47.37937,   8.54881,    0.5030,     99999,     99999
  21.12455,    958.23,    0.5149,     17.60,     17.71,   294.320,     44.30,      5.32,     24.57,   1,  47.37938,   8.54881,    0.5030,     99999,     99999
  21.14123,    958.21,    0.5150,     17.61,     17.72,   294.332,     44.00,      5.23,     24.58,   1,  47.37938,   8.54881,    0.5030,     99999,     99999
  21.15701,    958.23,    0.5149,     17.74,     17.85,   294.461,     44.50,      5.51,     24.60,   1,  47.37938,   8.54882,    0.5020,     99999,     99999
  21.17374,    958.24,    0.5148,     17.85,     17.96,   294.572,     44.70,      5.67,     24.61,   1,  47.37938,   8.54882,    0.5020,     99999,     99999
  21.19148,    958.26,    0.5146,     17.91,     18.02,   294.631,     44.70,      5.73,     24.62,   1,  47.37938,   8.54881,    0.5020,     99999,     99999
  21.20823,    958.24,    0.5148,     17.93,     18.04,   294.653,     44.90,      5.81,     24.64,   1,  47.37938,   8.54881,    0.5020,     99999,     99999
  21.22396,    958.23,    0.5149,     17.95,     18.06,   294.674,     45.20,      5.92,     24.65,   1,  47.37938,   8.54881,    0.5030,     99999,     99999
  21.24070,    958.23,    0.5149,     18.03,     18.14,   294.755,     45.40,      6.06,     24.66,   1,  47.37938,   8.54881,    0.5030,     99999,     99999
  21.25740,    958.24,    0.5148,     18.06,     18.17,   294.784,     45.10,      5.99,     24.68,   1,  47.37938,   8.54881,    0.5030,     99999,     99999
  21.27418,    958.25,    0.5147,     18.08,     18.19,   294.804,     45.00,      5.98,     24.69,   1,  47.37938,   8.54881,    0.5040,     99999,     99999
  21.29191,    958.25,    0.5147,     17.97,     18.08,   294.692,     45.30,      5.97,     24.70,   1,  47.37939,   8.54881,    0.5040,     99999,     99999
  21.30865,    958.23,    0.5149,     17.96,     18.07,   294.684,     45.60,      6.06,     24.72,   1,  47.37939,   8.54881,    0.5050,     99999,     99999
  21.32537,    958.24,    0.5148,     18.02,     18.13,   294.744,     45.30,      6.02,     24.73,   1,  47.37939,   8.54881,    0.5050,     99999,     99999
  21.34311,    958.24,    0.5148,     18.03,     18.14,   294.754,     44.60,      5.80,     24.74,   1,  47.37939,   8.54881,    0.5060,     99999,     99999
  21.35879,    958.24,    0.5148,     18.06,     18.17,   294.784,     44.50,      5.80,     24.76,   1,  47.37939,   8.54881,    0.5070,     99999,     99999
  21.37549,    958.23,    0.5149,     18.12,     18.23,   294.846,     44.60,      5.88,     24.77,   1,  47.37939,   8.54881,    0.5070,     99999,     99999
  21.39221,    958.24,    0.5148,     18.14,     18.25,   294.865,     44.30,      5.81,     24.79,   1,  47.37939,   8.54881,    0.5080,     99999,     99999
  21.40892,    958.24,    0.5148,     18.11,     18.22,   294.835,     44.20,      5.75,     24.80,   1,  47.37939,   8.54881,    0.5080,     99999,     99999
  21.42567,    958.26,    0.5146,     18.05,     18.16,   294.773,     44.20,      5.69,     24.82,   1,  47.37939,   8.54881,    0.5080,     99999,     99999
  21.44238,    958.27,    0.5145,     18.05,     18.16,   294.772,     44.20,      5.69,     24.83,   1,  47.37939,   8.54881,    0.5080,     99999,     99999
  21.45814,    958.26,    0.5146,     18.16,     18.27,   294.884,     44.60,      5.92,     24.84,   1,  47.37938,   8.54881,    0.5080,     99999,     99999
  21.47590,    958.26,    0.5146,     18.36,     18.47,   295.086,     44.80,      6.17,     24.85,   1,  47.37939,   8.54880,    0.5080,     99999,     99999
  21.49160,    958.22,    0.5149,     18.50,     18.61,   295.232,     44.60,      6.23,     24.86,   1,  47.37939,   8.54880,    0.5080,     99999,     99999
  21.50932,    958.21,    0.5150,     18.58,     18.69,   295.313,     44.40,      6.24,     24.87,   1,  47.37939,   8.54880,    0.5080,     99999,     99999
  21.52600,    958.21,    0.5150,     18.71,     18.82,   295.445,     44.40,      6.36,     24.89,   1,  47.37940,   8.54880,    0.5080,     99999,     99999
  21.54269,    958.23,    0.5149,     18.87,     18.98,   295.605,     44.30,      6.47,     24.90,   1,  47.37940,   8.54880,    0.5080,     99999,     99999
  29.33164,    958.20,    0.5151,     18.97,     19.08,   295.709,     44.10,      6.49,     24.91,   1,   0.00000,   0.00000,   -0.0170,     99999,     99999
  29.34837,    958.17,    0.5154,     17.67,     17.78,   294.394,     46.90,      6.20,     23.25,   1,   0.00000,   0.00000,   -0.0170,     99999,     99999
  29.36611,    958.20,    0.5151,     17.60,     17.71,   294.320,     46.60,      6.04,     23.26,   1,   0.00000,   0.00000,   -0.0170,     99999,     99999
  29.38284,    958.18,    0.5153,     17.56,     17.67,   294.281,     46.30,      5.91,     23.28,   1,   0.00000,   0.00000,   -0.0170,     99999,     99999
  29.39850,    958.18,    0.5153,     17.43,     17.54,   294.150,     45.80,      5.64,     23.29,   1,   0.00000,   0.00000,   -0.0170,     99999,     99999
  29.41719,    958.19,    0.5152,     17.24,     17.35,   293.957,     45.30,      5.31,     23.31,   1,   0.00000,   0.00000,   -0.0170,     99999,     99999
  29.43383,    958.17,    0.5154,     17.09,     17.20,   293.807,     45.10,      5.11,     23.32,   1,   0.00000,   0.00000,   -0.0170,     99999,     99999
  29.45050,    958.18,    0.5153,     16.99,     17.10,   293.704,     45.00,      4.99,     23.34,   1,   0.00000,   0.00000,   -0.0170,     99999,     99999
  29.46724,    958.18,    0.5153,     16.99,     17.10,   293.704,     45.10,      5.02,     23.36,   1,   0.00000,   0.00000,   -0.0170,     99999,     99999
  29.48397,    958.18,    0.5153,     16.96,     17.07,   293.674,     44.90,      4.93,     23.37,   1,   0.00000,   0.00000,   -0.0170,     99999,     99999
  29.50064,    958.19,    0.5152,     16.81,     16.92,   293.521,     44.80,      4.76,     23.39,   1,   0.00000,   0.00000,   -0.0170,     99999,     99999
  29.51739,    958.18,    0.5153,     16.49,     16.60,   293.198,     44.90,      4.50,     23.41,   1,   0.00000,   0.00000,   -0.0170,     99999,     99999
  29.53306,    958.19,    0.5152,     16.35,     16.46,   293.056,     45.00,      4.40,     23.43,   1,   0.00000,   0.00000,   -0.0170,     99999,     99999
  29.55083,    958.18,    0.5153,     16.48,     16.59,   293.188,     45.00,      4.52,     23.45,   1,   0.00000,   0.00000,   -0.0170,     99999,     99999
  29.56759,    958.19,    0.5152,     16.73,     16.84,   293.440,     45.10,      4.78,     23.47,   1,   0.00000,   0.00000,   -0.0170,     99999,     99999
  29.58433,    958.17,    0.5154,     16.73,     16.84,   293.442,     45.00,      4.75,     23.49,   1,   0.00000,   0.00000,   -0.0170,     99999,     99999
  29.59999,    958.17,    0.5154,     16.52,     16.63,   293.229,     45.00,      4.56,     23.51,   1,   0.00000,   0.00000,   -0.0170,     99999,     99999
  29.61664,    958.16,    0.5155,     16.48,     16.59,   293.190,     45.20,      4.58,     23.53,   1,   0.00000,   0.00000,   -0.0170,     99999,     99999
  29.63444,    958.15,    0.5156,     16.60,     16.71,   293.312,     45.40,      4.76,     23.55,   1,   0.00000,   0.00000,   -0.0170,     99999,     99999
  29.65117,    958.12,    0.5158,     16.53,     16.64,   293.244,     45.50,      4.72,     23.58,   1,   0.00000,   0.00000,   -0.0170,     99999,     99999
  29.66693,    958.09,    0.5161,     16.56,     16.67,   293.277,     45.50,      4.75,     23.60,   1,   0.00000,   0.00000,   -0.0170,     99999,     99999
  29.68369,    958.11,    0.5159,     16.80,     16.91,   293.518,     45.40,      4.94,     23.62,   1,   0.00000,   0.00000,   -0.0170,     99999,     99999
  29.70044,    958.13,    0.5158,     17.01,     17.12,   293.729,     45.30,      5.10,     23.65,   1,   0.00000,   0.00000,   -0.0170,     99999,     99999
  29.71713,    958.14,    0.5157,     17.03,     17.14,   293.748,     44.70,      4.93,     23.67,   1,   0.00000,   0.00000,   -0.0170,     99999,     99999
  29.73382,    958.14,    0.5157,     16.97,     17.08,   293.688,     44.60,      4.84,     23.69,   1,   0.00000,   0.00000,   -0.0170,     99999,     99999
  29.75061,    958.14,    0.5157,     16.64,     16.75,   293.354,     44.60,      4.54,     23.72,   1,   0.00000,   0.00000,   -0.0170,     99999,     99999
  29.76935,    958.15,    0.5156,     16.44,     16.55,   293.150,     44.80,      4.42,     23.74,   1,   0.00000,   0.00000,   -0.0170,     99999,     99999
  29.78603,    958.16,    0.5155,     16.48,     16.59,   293.190,     44.90,      4.49,     23.76,   1,   0.00000,   0.00000,   -0.0170,     99999,     99999
  29.80170,    958.16,    0.5155,     16.54,     16.65,   293.251,     45.00,      4.58,     23.79,   1,   0.00000,   0.00000,   -0.0170,     99999,     99999
  29.81836,    958.17,    0.5154,     16.62,     16.73,   293.331,     45.20,      4.71,     23.81,   1,   0.00000,   0.00000,   -0.0170,     99999,     99999
  29.83515,    958.17,    0.5154,     16.67,     16.78,   293.381,     45.30,      4.79,     23.83,   1,   0.00000,   0.00000,   -0.0170,     99999,     99999
  29.85290,    958.14,    0.5157,     16.67,     16.78,   293.384,     45.60,      4.88,     23.85,   1,   0.00000,   0.00000,   -0.0170,     99999,     99999
  29.86858,    958.11,    0.5159,     16.70,     16.81,   293.417,     45.70,      4.94,     23.87,   1,   0.00000,   0.00000,   -0.0170,     99999,     99999
  29.88528,    958.11,    0.5159,     16.81,     16.92,   293.528,     45.80,      5.07,     23.89,   1,   0.00000,   0.00000,   -0.0170,     99999,     99999
  29.90198,    958.11,    0.5159,     17.02,     17.13,   293.741,     46.00,      5.33,     23.91,   1,   0.00000,   0.00000,   -0.0170,     99999,     99999
  29.91976,    958.10,    0.5160,     17.09,     17.20,   293.813,     45.90,      5.36,     23.93,   1,   0.00000,   0.00000,   -0.0170,     99999,     99999
  29.93543,    958.09,    0.5161,     17.15,     17.26,   293.874,     46.00,      5.45,     23.95,   1,   0.00000,   0.00000,   -0.0170,     99999,     99999
  29.95214,    958.09,    0.5161,     17.27,     17.38,   293.996,     45.90,      5.52,     23.97,   1,   0.00000,   0.00000,   -0.0170,     99999,     99999
  29.96886,    958.10,    0.5160,     17.40,     17.51,   294.126,     45.90,      5.64,     23.99,   1,   0.00000,   0.00000,   -0.0170,     99999,     99999
  29.98557,    958.11,    0.5159,     17.60,     17.71,   294.328,     45.80,      5.79,     24.01,   1,   0.00000,   0.00000,   -0.0170,     99999,     99999
  30.00233,    958.11,    0.5159,     17.86,     17.97,   294.591,     45.50,      5.94,     24.03,   1,   0.00000,   0.00000,   -0.0170,     99999,     99999
  30.01909,    958.09,    0.5161,     17.99,     18.10,   294.724,     45.30,      5.99,     24.05,   1,   0.00000,   0.00000,   -0.0170,     99999,     99999
  30.03578,    958.10,    0.5160,     18.19,     18.30,   294.926,     45.50,      6.24,     24.08,   1,   0.00000,   0.00000,   -0.0170,     99999,     99999
  30.05254,    958.09,    0.5161,     18.21,     18.32,   294.947,     45.20,      6.16,     24.09,   1,   0.00000,   0.00000,   -0.0170,     99999,     99999
  30.06825,    958.09,    0.5161,     18.38,     18.49,   295.119,     44.80,      6.18,     24.12,   1,   0.00000,   0.00000,   -0.0170,     99999,     99999
  30.08579,    958.10,    0.5160,     18.60,     18.71,   295.341,     44.60,      6.32,     24.14,   1,   0.00000,   0.00000,   -0.0170,     99999,     99999
  30.10256,    958.09,    0.5161,     18.62,     18.73,   295.362,     44.20,      6.21,     24.16,   1,   0.00000,   0.00000,   -0.0170,     99999,     99999
  30.11924,    958.09,    0.5161,     18.51,     18.62,   295.251,     43.80,      5.98,     24.19,   1,   0.00000,   0.00000,   -0.0170,     99999,     99999
  30.13596,    958.07,    0.5163,     18.45,     18.56,   295.192,     43.80,      5.92,     24.21,   1,   0.00000,   0.00000,   -0.0170,     99999,     99999
  30.15164,    958.08,    0.5162,     18.37,     18.48,   295.110,     43.40,      5.72,     24.24,   1,  36.36795, -31.87534,    7.4330,     99999,     99999
  30.16833,    958.09,    0.5161,     18.11,     18.22,   294.846,     43.20,      5.41,     24.26,   1,  37.76131, -28.70547,    7.9250,     99999,     99999
  30.18612,    958.09,    0.5161,     17.91,     18.02,   294.643,     43.30,      5.27,     24.29,   1,  47.02817,   0.33032,   11.3570,     99999,     99999
  30.20289,    958.09,    0.5161,     17.91,     18.02,   294.643,     43.40,      5.30,     24.31,   1,  45.94687,  -5.22428,   10.9490,     99999,     99999
  30.21860,    958.10,    0.5160,     18.02,     18.13,   294.754,     43.60,      5.47,     24.34,   1,  47.16746,   1.74027,   11.4090,     99999,     99999
  30.23531,    958.09,    0.5161,     18.12,     18.23,   294.856,     43.40,      5.49,     24.36,   1,  47.64960,  10.02512,   11.5870,     99999,     99999
  30.25204,    958.09,    0.5161,     18.32,     18.43,   295.058,     43.50,      5.70,     24.39,   1,  47.77988,  13.96512,   11.6390,     99999,     99999
  30.27081,    958.09,    0.5161,     18.37,     18.48,   295.109,     43.30,      5.68,     24.41,   1,  47.73112,  10.04716,   11.6180,     99999,     99999
  30.28649,    958.10,    0.5160,     18.45,     18.56,   295.189,     43.20,      5.72,     24.44,   1,  47.68165,   8.65040,   11.5990,     99999,     99999
  30.30319,    958.10,    0.5160,     18.56,     18.67,   295.301,     43.10,      5.79,     24.46,   1,  47.32470,   4.44550,   11.4670,     99999,     99999
  30.32091,    958.09,    0.5161,     18.53,     18.64,   295.271,     42.80,      5.66,     24.49,   1,  47.32960,   3.79768,   11.4690,     99999,     99999
  30.33657,    958.09,    0.5161,     18.44,     18.55,   295.180,     42.50,      5.48,     24.52,   1,  46.79825,  -0.99839,   11.2700,     99999,     99999
  30.35232,    958.07,    0.5163,     18.18,     18.29,   294.918,     42.30,      5.17,     24.54,   1,  47.11847,   1.18766,   11.3900,     99999,     99999
  30.36902,    958.06,    0.5164,     17.57,     17.68,   294.302,     42.10,      4.56,     24.57,   1,  47.07728,   0.49882,   11.3750,     99999,     99999
  30.38778,    958.08,    0.5162,     17.21,     17.32,   293.936,     42.30,      4.30,     24.59,   1,  47.37917,   8.54878,    0.5240,     99999,     99999
  30.40447,    958.07,    0.5163,     16.76,     16.87,   293.481,     42.60,      3.99,     24.62,   1,  47.37920,   8.54873,    0.5320,     99999,     99999
  30.42020,    958.07,    0.5163,     16.77,     16.88,   293.491,     43.10,      4.17,     24.64,   1,  47.37923,   8.54872,    0.5310,     99999,     99999
  30.43692,    958.07,    0.5163,     16.98,     17.09,   293.704,     43.30,      4.42,     24.67,   1,  47.37932,   8.54873,    0.5230,     99999,     99999
  30.45366,    958.07,    0.5163,     17.19,     17.30,   293.916,     43.50,      4.68,     24.70,   1,  47.37934,   8.54876,    0.5170,     99999,     99999
  30.47139,    958.07,    0.5163,     17.05,     17.16,   293.775,     43.60,      4.59,     24.72,   1,  47.37933,   8.54877,    0.5140,     99999,     99999
  30.48736,    958.06,    0.5164,     16.88,     16.99,   293.603,     43.80,      4.50,     24.75,   1,  47.37935,   8.54877,    0.5140,     99999,     99999
  30.50428,    958.07,    0.5163,     16.91,     17.02,   293.633,     44.00,      4.59,     24.78,   1,  47.37934,   8.54878,    0.5140,     99999,     99999
  30.52021,    958.07,    0.5163,     17.10,     17.21,   293.825,     44.20,      4.83,     24.80,   1,  47.37935,   8.54878,    0.5150,     99999,     99999
  30.53699,    958.07,    0.5163,     17.24,     17.35,   293.967,     44.10,      4.92,     24.83,   1,  47.37936,   8.54878,    0.5150,     99999,     99999
  30.55480,    958.08,    0.5162,     17.25,     17.36,   293.976,     44.20,      4.96,     24.85,   1,  47.37936,   8.54878,    0.5150,     99999,     99999
  30.57047,    958.09,    0.5161,     17.28,     17.39,   294.006,     44.30,      5.02,     24.88,   1,  47.37935,   8.54878,    0.5160,     99999,     99999
  30.58723,    958.12,    0.5158,     17.45,     17.56,   294.175,     44.40,      5.21,     24.90,   1,  47.37936,   8.54878,    0.5150,     99999,     99999
  30.60417,    958.13,    0.5158,     17.64,     17.75,   294.366,     44.70,      5.48,     24.93,   1,  47.37936,   8.54878,    0.5160,     99999,     99999
  30.61986,    958.13,    0.5158,     17.67,     17.78,   294.397,     44.50,      5.44,     24.95,   1,  47.37935,   8.54877,    0.5170,     99999,     99999
  30.63687,    958.08,    0.5162,     17.51,     17.62,   294.239,     44.60,      5.33,     24.97,   1,  47.37934,   8.54878,    0.5170,     99999,     99999
  30.65383,    958.09,    0.5161,     17.25,     17.36,   293.975,     44.70,      5.12,     24.99,   1,  47.37934,   8.54878,    0.5180,     99999,     99999
  30.67058,    958.08,    0.5162,     17.16,     17.27,   293.885,     44.90,      5.11,     25.01,   1,  47.37934,   8.54879,    0.5180,     99999,     99999
  30.68736,    958.06,    0.5164,     17.20,     17.31,   293.927,     44.90,      5.14,     25.04,   1,  47.37935,   8.54879,    0.5190,     99999,     99999
  30.70408,    958.09,    0.5161,     17.18,     17.29,   293.904,     44.90,      5.13,     25.06,   1,  47.37935,   8.54879,    0.5190,     99999,     99999
  30.71981,    958.09,    0.5161,     17.20,     17.31,   293.925,     44.90,      5.14,     25.08,   1,  47.37935,   8.54880,    0.5200,     99999,     99999
  30.73781,    958.08,    0.5162,     17.29,     17.40,   294.017,     45.00,      5.26,     25.10,   1,  47.37936,   8.54880,    0.5210,     99999,     99999
  30.75452,    958.06,    0.5164,     17.38,     17.49,   294.109,     45.00,      5.34,     25.13,   1,  47.37936,   8.54880,    0.5220,     99999,     99999
  30.77024,    958.09,    0.5161,     17.44,     17.55,   294.167,     45.20,      5.46,     25.15,   1,  47.37937,   8.54881,    0.5220,     99999,     99999
  30.78717,    958.07,    0.5163,     17.32,     17.43,   294.048,     45.00,      5.28,     25.17,   1,  47.37937,   8.54881,    0.5220,     99999,     99999
  30.80367,    958.06,    0.5164,     17.35,     17.46,   294.079,     44.90,      5.28,     25.19,   1,  47.37938,   8.54881,    0.5210,     99999,     99999
  30.82036,    958.08,    0.5162,     17.49,     17.60,   294.219,     44.90,      5.41,     25.21,   1,  47.37939,   8.54882,    0.5200,     99999,     99999
  30.83713,    958.08,    0.5162,     17.61,     17.72,   294.340,     44.90,      5.52,     25.24,   1,  47.37940,   8.54882,    0.5210,     99999,     99999
  30.85381,    958.09,    0.5161,     17.64,     17.75,   294.370,     44.90,      5.54,     25.26,   1,  47.37941,   8.54883,    0.5200,     99999,     99999
  30.87077,    958.10,    0.5160,     17.77,     17.88,   294.501,     44.90,      5.66,     25.28,   1,  47.37943,   8.54883,    0.5200,     99999,     99999
  30.88668,    958.09,    0.5161,     17.86,     17.97,   294.593,     44.70,      5.68,     25.30,   1,  47.37944,   8.54883,    0.5210,     99999,     99999
  30.90349,    958.09,    0.5161,     17.73,     17.84,   294.461,     45.20,      5.72,     25.32,   1,  47.37945,   8.54883,    0.5210,     99999,     99999
  30.92150,    958.08,    0.5162,     17.85,     17.96,   294.583,     45.50,      5.93,     25.34,   1,  47.37946,   8.54883,    0.5220,     99999,     99999
  30.93741,    958.09,    0.5161,     18.16,     18.27,   294.896,     44.90,      6.02,     25.36,   1,  47.37946,   8.54884,    0.5210,     99999,     99999
  30.95443,    958.08,    0.5162,     18.01,     18.12,   294.745,     44.40,      5.72,     25.38,   1,  47.37946,   8.54884,    0.5210,     99999,     99999
  30.97011,    958.09,    0.5161,     17.83,     17.94,   294.562,     44.20,      5.49,     25.40,   1,  47.37947,   8.54884,    0.5220,     99999,     99999
  30.98685,    958.08,    0.5162,     17.65,     17.76,   294.381,     44.10,      5.29,     25.42,   1,  47.37947,   8.54884,    0.5210,     99999,     99999
  31.00393,    958.08,    0.5162,     17.41,     17.52,   294.138,     44.00,      5.04,     25.45,   1,  47.37947,   8.54884,    0.5210,     99999,     99999
  31.02082,    958.07,    0.5163,     17.38,     17.49,   294.108,     44.00,      5.02,     25.46,   1,  47.37946,   8.54884,    0.5200,     99999,     99999
  31.03760,    958.07,    0.5163,     17.45,     17.56,   294.179,     44.00,      5.08,     25.48,   1,  47.37946,   8.54884,    0.5200,     99999,     99999
  31.05439,    958.07,    0.5163,     17.45,     17.56,   294.179,     44.40,      5.21,     25.50,   1,  47.37946,   8.54884,    0.5200,     99999,     99999
  31.07012,    958.08,    0.5162,     17.51,     17.62,   294.239,     44.20,      5.20,     25.52,   1,  47.37945,   8.54884,    0.5200,     99999,     99999
  31.08682,    958.08,    0.5162,     17.50,     17.61,   294.229,     44.00,      5.13,     25.54,   1,  47.37944,   8.54884,    0.5190,     99999,     99999
  31.10357,    958.07,    0.5163,     17.55,     17.66,   294.280,     43.90,      5.14,     25.56,   1,  47.37944,   8.54884,    0.5180,     99999,     99999
  31.12136,    958.05,    0.5165,     17.64,     17.75,   294.373,     43.90,      5.22,     25.58,   1,  47.37943,   8.54884,    0.5170,     99999,     99999
  31.13708,    958.06,    0.5164,     17.50,     17.61,   294.231,     44.20,      5.19,     25.59,   1,  47.37942,   8.54884,    0.5160,     99999,     99999
  31.15404,    958.05,    0.5165,     17.20,     17.31,   293.928,     44.30,      4.95,     25.62,   1,  47.37941,   8.54884,    0.5160,     99999,     99999
  31.17082,    958.04,    0.5166,     17.09,     17.20,   293.817,     44.30,      4.85,     25.63,   1,  47.37941,   8.54884,    0.5160,     99999,     99999
  31.18653,    958.09,    0.5161,     16.98,     17.09,   293.702,     44.50,      4.82,     25.65,   1,  47.37940,   8.54884,    0.5160,     99999,     99999
  31.20426,    958.06,    0.5164,     16.94,     17.05,   293.664,     44.50,      4.78,     25.67,   1,  47.37939,   8.54884,    0.5150,     99999,     99999
  31.22208,    958.06,    0.5164,     16.73,     16.84,   293.451,     44.80,      4.68,     25.69,   1,  47.37939,   8.54884,    0.5150,     99999,     99999
  31.23786,    958.06,    0.5164,     16.58,     16.69,   293.299,     45.30,      4.71,     25.71,   1,  47.37939,   8.54884,    0.5150,     99999,     99999
  31.25367,    958.02,    0.5167,     16.15,     16.26,   292.868,     45.40,      4.35,     25.72,   1,  47.37940,   8.54886,    0.5190,     99999,     99999
  31.27063,    957.50,    0.5213,     15.74,     15.85,   292.498,     45.90,      4.13,     25.74,   1,  47.37944,   8.54891,    0.5240,     99999,     99999
  31.28737,    956.88,    0.5268,     15.49,     15.60,   292.299,     46.50,      4.09,     25.76,   1,  47.37947,   8.54896,    0.5280,     99999,     99999
  31.30514,    956.17,    0.5331,     15.35,     15.46,   292.219,     47.30,      4.20,     25.78,   1,  47.37955,   8.54896,    0.5340,     99999,     99999
  31.32108,    955.52,    0.5389,     15.19,     15.30,   292.113,     48.20,      4.32,     25.80,   1,  47.37955,   8.54890,    0.5380,     99999,     99999
  31.33808,    954.90,    0.5444,     15.10,     15.21,   292.076,     49.20,      4.53,     25.81,   1,  47.37950,   8.54892,    0.5420,     99999,     99999
  31.35509,    954.21,    0.5505,     15.03,     15.14,   292.065,     50.20,      4.76,     25.82,   1,  47.37951,   8.54902,    0.5490,     99999,     99999
  31.37080,    953.58,    0.5561,     15.01,     15.12,   292.100,     50.70,      4.88,     25.84,   1,  47.37960,   8.54903,    0.5550,     99999,     99999
  31.38853,    953.03,    0.5610,     14.94,     15.05,   292.077,     51.50,      5.04,     25.85,   1,  47.37965,   8.54894,    0.5590,     99999,     99999
  31.40518,    952.39,    0.5667,     14.91,     15.02,   292.103,     52.30,      5.23,     25.86,   1,  47.37962,   8.54887,    0.5650,     99999,     99999
